  0.0000    1    1.500   1.0000          cong
  1.5000    0    0.500   1.0000          NULL 
  2.0000    1    1.500   1.0000          cong
  3.5000    0    0.500   1.0000          NULL 
  4.0000    1    1.500   1.0000          cong
  5.5000    0    1.100   1.0000          NULL 
  6.6000    1    1.500   1.0000          cong
  8.1000    0    0.700   1.0000          NULL 
  8.8000    1    1.500   1.0000          cong
 10.3000    0    1.300   1.0000          NULL 
 11.6000    1    1.500   1.0000          cong
 13.1000    0    0.900   1.0000          NULL 
 14.0000    1    1.500   1.0000          cong
 15.5000    0    0.300   1.0000          NULL 
 15.8000    1    1.500   1.0000          cong
 17.3000    0    0.500   1.0000          NULL 
 17.8000    1    1.500   1.0000          cong
 19.3000    0    2.700   1.0000          NULL 
 22.0000    1    1.500   1.0000          cong
 23.5000    0    1.100   1.0000          NULL 
 24.6000    1    1.500   1.0000          cong
 26.1000    0    1.500   1.0000          NULL 
 27.6000    1    1.500   1.0000          cong
 29.1000    0    1.500   1.0000          NULL 
 30.6000    1    1.500   1.0000          cong
 32.1000    0    0.300   1.0000          NULL 
 32.4000    1    1.500   1.0000          cong
 33.9000    0    0.300   1.0000          NULL 
 34.2000    1    1.500   1.0000          cong
 35.7000    0    0.500   1.0000          NULL 
 36.2000    1    1.500   1.0000          cong
 37.7000    0    0.500   1.0000          NULL 
 38.2000    1    1.500   1.0000          cong
 39.7000    0    0.900   1.0000          NULL 
 40.6000    1    1.500   1.0000          cong
 42.1000    0    0.700   1.0000          NULL 
 42.8000    1    1.500   1.0000          cong
 44.3000    0    1.500   1.0000          NULL 
 45.8000    1    1.500   1.0000          cong
 47.3000    0    0.700   1.0000          NULL 
 48.0000    1    1.500   1.0000          cong
 49.5000    0    0.300   1.0000          NULL 
 49.8000    1    1.500   1.0000          cong
 51.3000    0    2.300   1.0000          NULL 
 53.6000    1    1.500   1.0000          cong
 55.1000    0    0.300   1.0000          NULL 
 55.4000    1    1.500   1.0000          cong
 56.9000    0    1.500   1.0000          NULL 
 58.4000    1    1.500   1.0000          cong
 59.9000    0    0.300   1.0000          NULL 
 60.2000    1    1.500   1.0000          cong
 61.7000    0    0.300   1.0000          NULL 
 62.0000    1    1.500   1.0000          cong
 63.5000    0    2.900   1.0000          NULL 
 66.4000    1    1.500   1.0000          cong
 67.9000    0    1.300   1.0000          NULL 
 69.2000    1    1.500   1.0000          cong
 70.7000    0    0.500   1.0000          NULL 
 71.2000    1    1.500   1.0000          cong
 72.7000    0    0.300   1.0000          NULL 
 73.0000    1    1.500   1.0000          cong
 74.5000    0    0.700   1.0000          NULL 
 75.2000    1    1.500   1.0000          cong
 76.7000    0    0.900   1.0000          NULL 
 77.6000    1    1.500   1.0000          cong
 79.1000    0    1.100   1.0000          NULL 
 80.2000    1    1.500   1.0000          cong
 81.7000    0    0.500   1.0000          NULL 
 82.2000    1    1.500   1.0000          cong
 83.7000    0    1.700   1.0000          NULL 
 85.3999    1    1.500   1.0000          cong
 86.8999    0    0.900   1.0000          NULL 
 87.7999    1    1.500   1.0000          cong
 89.2999    0    0.500   1.0000          NULL 
 89.7999    1    1.500   1.0000          cong
 91.2999    0    1.300   1.0000          NULL 
 92.5999    1    1.500   1.0000          cong
 94.0999    0    1.100   1.0000          NULL 
 95.1999    1    1.500   1.0000          cong
 96.6999    0    1.900   1.0000          NULL 
 98.5999    1    1.500   1.0000          cong
100.0999    0    0.300   1.0000          NULL 
100.3999    1    1.500   1.0000          cong
101.8999    0    0.500   1.0000          NULL 
102.3999    1    1.500   1.0000          cong
103.8999    0    0.700   1.0000          NULL 
104.5999    1    1.500   1.0000          cong
106.0999    0    1.500   1.0000          NULL 
107.5999    1    1.500   1.0000          cong
109.0999    0    0.300   1.0000          NULL 
109.3999    1    1.500   1.0000          cong
110.8999    0    2.900   1.0000          NULL 
113.7999    1    1.500   1.0000          cong
115.2999    0    0.300   1.0000          NULL 
115.5999    1    1.500   1.0000          cong
117.0999    0    3.500   1.0000          NULL 
120.5998    1    1.500   1.0000          cong
122.0998    0    0.500   1.0000          NULL 
122.5998    1    1.500   1.0000          cong
124.0998    0    0.500   1.0000          NULL 
124.5998    1    1.500   1.0000          cong
126.0998    0    0.500   1.0000          NULL 
126.5998    1    1.500   1.0000          cong
128.0998    0    0.300   1.0000          NULL 
128.3998    1    1.500   1.0000          cong
129.8998    0    4.100   1.0000          NULL 
133.9998    1    1.500   1.0000          cong
135.4998    0    1.100   1.0000          NULL 
136.5997    1    1.500   1.0000          cong
138.0997    0    0.300   1.0000          NULL 
138.3997    1    1.500   1.0000          cong
139.8997    0    1.500   1.0000          NULL 
141.3997    1    1.500   1.0000          cong
142.8997    0    0.900   1.0000          NULL 
143.7997    1    1.500   1.0000          cong
145.2997    0    0.300   1.0000          NULL 
145.5997    1    1.500   1.0000          cong
147.0997    0    0.700   1.0000          NULL 
147.7997    1    1.500   1.0000          cong
149.2997    0    0.500   1.0000          NULL 
149.7997    1    1.500   1.0000          cong
151.2997    0    0.700   1.0000          NULL 
151.9997    1    1.500   1.0000          cong
153.4997    0    1.900   1.0000          NULL 
155.3997    1    1.500   1.0000          cong
156.8997    0    0.300   1.0000          NULL 
157.1997    1    1.500   1.0000          cong
158.6997    0    1.300   1.0000          NULL 
159.9997    1    1.500   1.0000          cong
161.4997    0    3.300   1.0000          NULL 
164.7997    1    1.500   1.0000          cong
166.2997    0    0.300   1.0000          NULL 
166.5997    1    1.500   1.0000          cong
168.0997    0    0.300   1.0000          NULL 
168.3997    1    1.500   1.0000          cong
169.8997    0    0.700   1.0000          NULL 
170.5997    1    1.500   1.0000          cong
172.0997    0    1.300   1.0000          NULL 
173.3996    1    1.500   1.0000          cong
174.8996    0    0.300   1.0000          NULL 
175.1996    1    1.500   1.0000          cong
176.6996    0    1.300   1.0000          NULL 
177.9996    1    1.500   1.0000          cong
179.4996    0    1.100   1.0000          NULL 
180.5996    1    1.500   1.0000          cong
182.0996    0    1.300   1.0000          NULL 
183.3996    1    1.500   1.0000          cong
184.8996    0    0.300   1.0000          NULL 
185.1996    1    1.500   1.0000          cong
186.6996    0    1.100   1.0000          NULL 
187.7996    1    1.500   1.0000          cong
189.2996    0    2.500   1.0000          NULL 
191.7996    1    1.500   1.0000          cong
193.2996    0    0.700   1.0000          NULL 
193.9996    1    1.500   1.0000          cong
195.4996    0    0.500   1.0000          NULL 
195.9996    1    1.500   1.0000          cong
197.4996    0    0.700   1.0000          NULL 
198.1996    1    1.500   1.0000          cong
199.6996    0    1.300   1.0000          NULL 
200.9996    1    1.500   1.0000          cong
202.4996    0    0.500   1.0000          NULL 
202.9996    1    1.500   1.0000          cong
204.4996    0    2.300   1.0000          NULL 
206.7995    1    1.500   1.0000          cong
208.2995    0    0.900   1.0000          NULL 
209.1995    1    1.500   1.0000          cong
210.6995    0    0.300   1.0000          NULL 
210.9995    1    1.500   1.0000          cong
212.4995    0    0.500   1.0000          NULL 
212.9995    1    1.500   1.0000          cong
214.4995    0    0.700   1.0000          NULL 
215.1995    1    1.500   1.0000          cong
216.6995    0    0.700   1.0000          NULL 
217.3995    1    1.500   1.0000          cong
218.8995    0    0.300   1.0000          NULL 
219.1995    1    1.500   1.0000          cong
220.6995    0    1.900   1.0000          NULL 
222.5995    1    1.500   1.0000          cong
224.0995    0    1.700   1.0000          NULL 
225.7995    1    1.500   1.0000          cong
227.2995    0    0.700   1.0000          NULL 
227.9995    1    1.500   1.0000          cong
229.4995    0    0.300   1.0000          NULL 
229.7995    1    1.500   1.0000          cong
231.2995    0    0.300   1.0000          NULL 
231.5995    1    1.500   1.0000          cong
233.0995    0    0.900   1.0000          NULL 
233.9995    1    1.500   1.0000          cong
235.4995    0    1.500   1.0000          NULL 
236.9995    1    1.500   1.0000          cong
238.4995    0    1.501   1.0000          NULL 
