  0.0000    1    1.500   1.0000        incong
  1.5000    0    0.300   1.0000          NULL 
  1.8000    2    1.500   1.0000          cong
  3.3000    0    0.300   1.0000          NULL 
  3.6000    2    1.500   1.0000          cong
  5.1000    0    0.300   1.0000          NULL 
  5.4000    2    1.500   1.0000          cong
  6.9000    0    1.700   1.0000          NULL 
  8.6000    2    1.500   1.0000          cong
 10.1000    0    0.300   1.0000          NULL 
 10.4000    2    1.500   1.0000          cong
 11.9000    0    1.300   1.0000          NULL 
 13.2000    2    1.500   1.0000          cong
 14.7000    0    0.900   1.0000          NULL 
 15.6000    2    1.500   1.0000          cong
 17.1000    0    0.500   1.0000          NULL 
 17.6000    2    1.500   1.0000          cong
 19.1000    0    1.700   1.0000          NULL 
 20.8000    2    1.500   1.0000          cong
 22.3000    0    0.300   1.0000          NULL 
 22.6000    2    1.500   1.0000          cong
 24.1000    0    1.900   1.0000          NULL 
 26.0000    2    1.500   1.0000          cong
 27.5000    0    1.100   1.0000          NULL 
 28.6000    2    1.500   1.0000          cong
 30.1000    0    0.300   1.0000          NULL 
 30.4000    2    1.500   1.0000          cong
 31.9000    0    0.700   1.0000          NULL 
 32.6000    2    1.500   1.0000          cong
 34.1000    0    0.500   1.0000          NULL 
 34.6000    2    1.500   1.0000          cong
 36.1000    0    1.100   1.0000          NULL 
 37.2000    1    1.500   1.0000        incong
 38.7000    0    0.500   1.0000          NULL 
 39.2000    2    1.500   1.0000          cong
 40.7000    0    2.100   1.0000          NULL 
 42.8000    2    1.500   1.0000          cong
 44.3000    0    0.300   1.0000          NULL 
 44.6000    2    1.500   1.0000          cong
 46.1000    0    0.700   1.0000          NULL 
 46.8000    1    1.500   1.0000        incong
 48.3000    0    3.500   1.0000          NULL 
 51.8000    2    1.500   1.0000          cong
 53.3000    0    0.300   1.0000          NULL 
 53.6000    1    1.500   1.0000        incong
 55.1000    0    1.300   1.0000          NULL 
 56.4000    2    1.500   1.0000          cong
 57.9000    0    1.300   1.0000          NULL 
 59.2000    2    1.500   1.0000          cong
 60.7000    0    2.100   1.0000          NULL 
 62.8000    2    1.500   1.0000          cong
 64.3000    0    0.700   1.0000          NULL 
 65.0000    2    1.500   1.0000          cong
 66.5000    0    0.900   1.0000          NULL 
 67.4000    1    1.500   1.0000        incong
 68.9000    0    1.100   1.0000          NULL 
 70.0000    2    1.500   1.0000          cong
 71.5000    0    0.500   1.0000          NULL 
 72.0000    2    1.500   1.0000          cong
 73.5000    0    0.900   1.0000          NULL 
 74.4000    2    1.500   1.0000          cong
 75.9000    0    0.500   1.0000          NULL 
 76.4000    1    1.500   1.0000        incong
 77.9000    0    1.700   1.0000          NULL 
 79.6000    1    1.500   1.0000        incong
 81.1000    0    0.300   1.0000          NULL 
 81.4000    2    1.500   1.0000          cong
 82.9000    0    0.700   1.0000          NULL 
 83.6000    2    1.500   1.0000          cong
 85.1000    0    0.300   1.0000          NULL 
 85.4000    1    1.500   1.0000        incong
 86.9000    0    1.100   1.0000          NULL 
 88.0000    2    1.500   1.0000          cong
 89.5000    0    0.300   1.0000          NULL 
 89.8000    2    1.500   1.0000          cong
 91.3000    0    1.300   1.0000          NULL 
 92.6000    2    1.500   1.0000          cong
 94.1000    0    0.300   1.0000          NULL 
 94.4000    2    1.500   1.0000          cong
 95.9000    0    0.900   1.0000          NULL 
 96.8000    2    1.500   1.0000          cong
 98.3000    0    1.300   1.0000          NULL 
 99.6000    2    1.500   1.0000          cong
101.1000    0    0.900   1.0000          NULL 
102.0000    2    1.500   1.0000          cong
103.5000    0    1.100   1.0000          NULL 
104.6000    2    1.500   1.0000          cong
106.1000    0    0.500   1.0000          NULL 
106.6000    1    1.500   1.0000        incong
108.1000    0    2.100   1.0000          NULL 
110.1999    1    1.500   1.0000        incong
111.6999    0    3.100   1.0000          NULL 
114.7999    2    1.500   1.0000          cong
116.2999    0    1.500   1.0000          NULL 
117.7999    2    1.500   1.0000          cong
119.2999    0    0.900   1.0000          NULL 
120.1999    1    1.500   1.0000        incong
121.6999    0    1.700   1.0000          NULL 
123.3998    2    1.500   1.0000          cong
124.8998    0    0.500   1.0000          NULL 
125.3998    1    1.500   1.0000        incong
126.8998    0    0.300   1.0000          NULL 
127.1999    2    1.500   1.0000          cong
128.6999    0    0.300   1.0000          NULL 
128.9999    2    1.500   1.0000          cong
130.4999    0    0.500   1.0000          NULL 
130.9999    2    1.500   1.0000          cong
132.4999    0    0.300   1.0000          NULL 
132.7999    1    1.500   1.0000        incong
134.2999    0    0.300   1.0000          NULL 
134.5999    2    1.500   1.0000          cong
136.0999    0    1.300   1.0000          NULL 
137.3999    1    1.500   1.0000        incong
138.8999    0    3.100   1.0000          NULL 
141.9998    2    1.500   1.0000          cong
143.4998    0    1.300   1.0000          NULL 
144.7998    2    1.500   1.0000          cong
146.2998    0    1.100   1.0000          NULL 
147.3998    1    1.500   1.0000        incong
148.8998    0    0.300   1.0000          NULL 
149.1998    2    1.500   1.0000          cong
150.6998    0    0.300   1.0000          NULL 
150.9998    2    1.500   1.0000          cong
152.4998    0    1.300   1.0000          NULL 
153.7998    2    1.500   1.0000          cong
155.2998    0    1.500   1.0000          NULL 
156.7998    2    1.500   1.0000          cong
158.2998    0    2.500   1.0000          NULL 
160.7997    1    1.500   1.0000        incong
162.2997    0    0.700   1.0000          NULL 
162.9997    2    1.500   1.0000          cong
164.4997    0    0.300   1.0000          NULL 
164.7997    2    1.500   1.0000          cong
166.2997    0    0.900   1.0000          NULL 
167.1997    1    1.500   1.0000        incong
168.6997    0    1.700   1.0000          NULL 
170.3997    2    1.500   1.0000          cong
171.8997    0    1.700   1.0000          NULL 
173.5997    2    1.500   1.0000          cong
175.0997    0    0.900   1.0000          NULL 
175.9997    2    1.500   1.0000          cong
177.4997    0    0.500   1.0000          NULL 
177.9997    2    1.500   1.0000          cong
179.4997    0    0.500   1.0000          NULL 
179.9997    2    1.500   1.0000          cong
181.4997    0    0.700   1.0000          NULL 
182.1997    2    1.500   1.0000          cong
183.6997    0    3.700   1.0000          NULL 
187.3996    2    1.500   1.0000          cong
188.8996    0    0.300   1.0000          NULL 
189.1996    2    1.500   1.0000          cong
190.6996    0    0.300   1.0000          NULL 
190.9996    2    1.500   1.0000          cong
192.4996    0    1.300   1.0000          NULL 
193.7996    1    1.500   1.0000        incong
195.2996    0    1.100   1.0000          NULL 
196.3996    2    1.500   1.0000          cong
197.8996    0    0.300   1.0000          NULL 
198.1996    2    1.500   1.0000          cong
199.6996    0    0.500   1.0000          NULL 
200.1996    2    1.500   1.0000          cong
201.6996    0    1.100   1.0000          NULL 
202.7996    2    1.500   1.0000          cong
204.2996    0    0.700   1.0000          NULL 
204.9996    1    1.500   1.0000        incong
206.4996    0    1.100   1.0000          NULL 
207.5996    1    1.500   1.0000        incong
209.0996    0    0.300   1.0000          NULL 
209.3996    1    1.500   1.0000        incong
210.8996    0    0.300   1.0000          NULL 
211.1996    1    1.500   1.0000        incong
212.6996    0    0.300   1.0000          NULL 
212.9996    2    1.500   1.0000          cong
214.4996    0    0.900   1.0000          NULL 
215.3996    2    1.500   1.0000          cong
216.8996    0    0.500   1.0000          NULL 
217.3996    2    1.500   1.0000          cong
218.8996    0    0.700   1.0000          NULL 
219.5996    2    1.500   1.0000          cong
221.0996    0    0.500   1.0000          NULL 
221.5996    1    1.500   1.0000        incong
223.0996    0    2.900   1.0000          NULL 
225.9996    2    1.500   1.0000          cong
227.4996    0    0.900   1.0000          NULL 
228.3996    1    1.500   1.0000        incong
229.8996    0    0.900   1.0000          NULL 
230.7996    2    1.500   1.0000          cong
232.2996    0    2.100   1.0000          NULL 
234.3995    2    1.500   1.0000          cong
235.8995    0    1.500   1.0000          NULL 
237.3995    2    1.500   1.0000          cong
238.8995    0    1.100   1.0000          NULL 
